n = 5: Segment outer = [ 0.823060546875 0.8323232421875 ], 0.009262695312500013
n = 10; Segment outer = [ 0.8240499936876657 0.8322030046711274 ]