x : 0.8246138315366344
f(x) : -1.6421295842484331
Segment = [ 0.8240909921432487 , 0.8251366709300201 ]
count calls : 21
epsilon : 0.01
