x : 0.7884615384615384
f(x) : -1.6376446354413692
Segment = [ 0.7692307692307692 , 0.8076923076923077 ]
count calls : 7
epsilon : 0.05
