x : 0.8281138315366343
f(x) : -1.6420736821087119
Segment = [ 0.8240909921432487 , 0.8321366709300201 ]
count calls : 21
epsilon : 0.01
