x : 0.8000000000000003
f(x) : -1.6400682726985685
count calls : 16
epsilon : 0.05
