x : 0.8000000000000003
f(x) : -1.640068272698568
count calls : 8
epsilon : 0.05
