x : 0.8200000000000003
f(x) : -1.6420694891806877
count calls : 34
epsilon : 0.01
